Failed frames: 234 / 368
Parameters: K=0.1, exposure=0.03
 Frame   Lap_before    Lap_after     Change     PSNR    SSIM
------------------------------------------------------------
     0       361.31       299.87     -61.44    22.64  0.9908
     1       364.56       302.50     -62.06    22.65  0.9909
     2       361.71       300.16     -61.55    22.64  0.9908
     3       363.06       301.28     -61.78    22.65  0.9909
     4       361.24       299.71     -61.53    22.64  0.9908
     5       364.69       302.66     -62.03    22.65  0.9909
     6       362.18       300.47     -61.71    22.65  0.9909
     7       361.95       300.32     -61.62    22.64  0.9908
     8       366.45       304.09     -62.36    22.65  0.9909
     9       364.95       302.95     -62.00    22.64  0.9908
    10       363.28       301.43     -61.85    22.64  0.9908
    11       363.16       301.44     -61.72    22.65  0.9909
    12       363.50       301.80     -61.70    22.65  0.9909
    13       365.20       303.07     -62.13    22.65  0.9909
    14       364.62       302.55     -62.07    22.65  0.9909
    15       364.17       302.30     -61.87    22.64  0.9908
    16       364.78       302.63     -62.14    22.64  0.9908
    17       357.26       230.16    -127.10    17.47  0.7906
    18       105.56        68.05     -37.51    17.51  0.7855
    19        83.60        69.87     -13.73    17.14  0.7568
    20        78.28        59.37     -18.91    17.13  0.7537
    21        66.91        42.26     -24.64    16.88  0.7304
    22        66.78        43.90     -22.88    17.51  0.7763
    23        58.36        40.59     -17.77    18.39  0.8303
    24        53.73        44.79      -8.95    17.66  0.7821
    25        48.02        32.30     -15.72    18.49  0.8320
    27        46.44        40.22      -6.22    17.99  0.7948
    28        47.02        37.60      -9.42    18.06  0.7982
    30        44.27        33.74     -10.53    18.41  0.8149
    31        42.06        22.03     -20.04    18.99  0.8445
    34        39.97        37.67      -2.30    19.57  0.8661
    35        44.11        32.74     -11.36    20.03  0.8904
    36        45.57        35.51     -10.06    19.24  0.8426
    37        44.73        33.34     -11.40    19.50  0.8568
    38        46.46        24.21     -22.25    18.95  0.8199
    39        44.52        31.93     -12.59    19.17  0.8339
    40        46.75        31.92     -14.83    19.08  0.8328
    41        47.72        23.51     -24.20    18.81  0.8137
    42        48.52        33.00     -15.51    18.93  0.8263
    43        48.75        38.55     -10.20    19.08  0.8349
    45        48.97        21.14     -27.84    19.05  0.8381
    47        51.07        43.27      -7.79    18.85  0.8351
    48        52.43        40.40     -12.03    19.28  0.8629
    52        82.15        68.83     -13.32    22.77  0.9908
    59        60.67        48.36     -12.31    19.22  0.8673
    60        66.93        47.40     -19.53    18.57  0.8397
    62        64.10        37.14     -26.96    17.13  0.7542
    63        66.89        26.82     -40.07    16.46  0.7026
    65        66.46        20.25     -46.22    15.59  0.6280
    66        69.04        36.19     -32.86    17.39  0.7673
    68        72.05        55.85     -16.20    19.55  0.8849
    71        66.88        58.26      -8.62    18.18  0.8138
    72        65.29        42.68     -22.61    17.92  0.7981
    73        63.28        61.56      -1.71    19.58  0.8873
    77        63.83        55.48      -8.35    18.50  0.8377
    78        64.14        24.63     -39.51    16.92  0.7403
    79        56.13        44.39     -11.74    17.71  0.8003
    81        44.84        14.15     -30.69    14.86  0.5985
    82        45.83        42.51      -3.32    17.86  0.8340
    83        38.73        13.65     -25.08    14.27  0.5978
    84        39.19        23.38     -15.81    18.07  0.8682
    85        37.84        36.72      -1.12    18.67  0.8955
    88        75.81        70.43      -5.38    20.28  0.9438
    92        87.57        73.38     -14.19    23.43  0.9907
    99        88.24        74.01     -14.23    23.43  0.9907
   101        88.52        74.18     -14.34    23.43  0.9907
   102        89.79        75.15     -14.64    23.44  0.9907
   103        88.00        73.83     -14.16    23.43  0.9907
   104        88.53        74.18     -14.35    23.43  0.9907
   105        88.46        74.11     -14.35    23.44  0.9907
   106        89.23        74.77     -14.46    23.43  0.9907
   107        89.90        75.39     -14.51    23.43  0.9907
   108        88.91        74.49     -14.41    23.43  0.9907
   109        87.01        72.87     -14.14    23.44  0.9907
   110        89.21        74.73     -14.48    23.43  0.9907
   111        89.47        74.97     -14.50    23.43  0.9907
   112        87.47        73.31     -14.16    23.43  0.9907
   113        89.61        75.09     -14.52    23.43  0.9907
   114        89.08        74.63     -14.45    23.43  0.9907
   115        89.27        74.80     -14.47    23.43  0.9907
   116        88.61        74.26     -14.36    23.44  0.9907
   117        88.47        74.12     -14.35    23.44  0.9907
   118        88.93        74.55     -14.38    23.44  0.9907
   119        88.76        74.37     -14.39    23.44  0.9907
   120        89.08        74.59     -14.48    23.44  0.9907
   121        88.60        74.32     -14.29    23.43  0.9907
   122        90.15        75.52     -14.63    23.42  0.9907
   123        90.89        76.14     -14.75    23.43  0.9907
   124        70.64        59.46     -11.18    23.43  0.9907
   125        92.13        77.20     -14.93    23.43  0.9907
   126        91.58        76.77     -14.81    23.43  0.9907
   127        93.61        78.33     -15.28    23.44  0.9907
   128        94.80        79.42     -15.38    23.43  0.9907
   129        71.69        60.36     -11.33    23.43  0.9907
   130        95.87        80.18     -15.69    23.44  0.9907
   131        90.68        76.03     -14.65    23.44  0.9907
   132        71.67        60.23     -11.45    23.45  0.9907
   133        93.63        78.29     -15.34    23.45  0.9907
   134        77.25        64.88     -12.37    23.45  0.9907
   135        85.16        71.40     -13.75    23.44  0.9907
   136        91.45        76.56     -14.89    23.45  0.9907
   137        77.10        64.76     -12.34    23.44  0.9907
   138        93.04        77.92     -15.12    23.43  0.9907
   139        93.27        78.05     -15.21    23.43  0.9907
   140        93.08        77.89     -15.20    23.43  0.9907
   141        89.53        75.03     -14.50    23.42  0.9907
   142        94.91        79.43     -15.48    23.41  0.9907
   143        90.86        76.05     -14.81    23.42  0.9907
   144        89.25        74.78     -14.47    23.37  0.9907
   145        92.62        77.63     -14.99    23.37  0.9907
   146        91.06        76.27     -14.79    23.37  0.9907
   147        86.17        72.28     -13.89    23.35  0.9907
   148        92.99        77.89     -15.10    23.35  0.9907
   149        94.83        79.41     -15.42    23.35  0.9907
   150        95.28        79.85     -15.43    23.35  0.9907
   151        94.67        79.23     -15.44    23.35  0.9907
   152        94.78        79.42     -15.37    23.35  0.9907
   153        95.18        79.66     -15.52    23.35  0.9907
   154        94.72        79.30     -15.42    23.35  0.9907
   155        94.81        79.43     -15.38    23.36  0.9907
   156        94.78        79.31     -15.47    23.35  0.9907
   157        95.05        79.62     -15.42    23.35  0.9907
   158        94.47        79.17     -15.30    23.35  0.9907
   159        95.72        80.09     -15.63    23.36  0.9907
   162        67.77        22.57     -45.20    15.29  0.7173
   163        66.05        19.00     -47.05    15.83  0.7416
   164        62.95        48.06     -14.89    18.20  0.8603
   165        63.66         9.97     -53.69    16.11  0.7168
   166        62.86        15.81     -47.05    15.14  0.6278
   167        61.40        19.35     -42.05    16.43  0.7284
   168        60.95        28.20     -32.76    16.89  0.7590
   169        62.87        60.93      -1.94    18.16  0.8318
   175        65.47        61.83      -3.64    19.62  0.8970
   183        65.17        53.45     -11.71    18.35  0.8421
   185        66.50        56.53      -9.96    18.45  0.8488
   186        66.50        51.38     -15.12    18.94  0.8728
   187        67.64        66.86      -0.78    18.25  0.8409
   188        68.25        62.61      -5.65    18.27  0.8424
   189        67.56        51.35     -16.21    18.36  0.8480
   190        67.22        43.90     -23.31    17.82  0.8197
   192        71.78        64.56      -7.22    18.80  0.8704
   195        82.24        79.79      -2.45    18.19  0.8440
   199        92.85        75.81     -17.04    18.02  0.8394
   200        94.50        72.43     -22.07    18.20  0.8533
   202        83.54        56.98     -26.57    17.10  0.7968
   203        82.08        71.24     -10.84    18.50  0.8670
   204        79.15        69.50      -9.66    19.51  0.9061
   205        80.24        43.87     -36.37    17.93  0.8409
   207        79.07        58.79     -20.28    17.17  0.8008
   208        76.25        73.50      -2.75    19.64  0.9114
   209        73.06        50.16     -22.90    17.12  0.7986
   211        70.91        38.46     -32.44    16.70  0.7725
   213        63.22        54.83      -8.38    18.03  0.8490
   216        49.55        36.60     -12.94    17.24  0.8018
   217        50.73        35.18     -15.55    16.44  0.7522
   218        62.79        61.95      -0.85    17.82  0.8359
   223        56.48        55.04      -1.44    19.31  0.8978
   227        59.01        55.26      -3.75    18.57  0.8725
   233        61.10        37.94     -23.16    16.28  0.7452
   234        59.64        19.53     -40.10    15.01  0.6421
   235        57.75        19.82     -37.93    14.93  0.6397
   236        55.59        19.61     -35.98    15.04  0.6408
   237        55.10        20.46     -34.64    15.53  0.6819
   241        81.18        67.95     -13.23    23.20  0.9908
   243        72.56        55.06     -17.50    17.33  0.8083
   244        82.56        46.12     -36.44    16.60  0.7638
   245        68.64        22.25     -46.39    15.11  0.6381
   246        68.40        20.39     -48.01    15.38  0.6528
   247        76.22        18.77     -57.45    16.05  0.6990
   253        62.95        52.07     -10.88    17.66  0.8060
   255        56.16        33.95     -22.21    16.46  0.7326
   256        60.48        10.49     -49.99    14.13  0.5195
   259        86.65        79.61      -7.04    19.35  0.8926
   260        90.27        82.63      -7.64    19.74  0.9073
   261        94.27        89.84      -4.43    19.61  0.9007
   265        97.59        31.12     -66.47    16.17  0.7169
   266        89.53        24.29     -65.24    15.35  0.6481
   267        72.03        19.30     -52.73    15.08  0.6353
   268        73.58         9.42     -64.16    13.30  0.4525
   269        74.16        10.87     -63.29    13.70  0.5217
   271        80.91        69.10     -11.81    18.75  0.8823
   272        85.12        48.25     -36.87    18.27  0.8630
   276        89.36        74.59     -14.77    23.36  0.9908
   279        89.79        87.65      -2.14    19.79  0.9168
   286        93.13        77.83     -15.30    23.71  0.9908
   287        97.75        81.54     -16.21    23.72  0.9909
   288        97.31        81.22     -16.10    23.72  0.9908
   289        97.87        81.68     -16.19    23.72  0.9909
   290        98.79        82.40     -16.39    23.62  0.9908
   291        99.41        82.95     -16.46    23.62  0.9908
   292        99.30        82.80     -16.50    23.62  0.9908
   293        98.38        82.11     -16.27    23.61  0.9908
   294        98.87        82.47     -16.39    23.62  0.9908
   295        49.69        41.78      -7.90    23.62  0.9908
   296        66.34        55.61     -10.73    23.64  0.9908
   297        82.12        68.69     -13.43    23.62  0.9908
   298        81.51        68.12     -13.39    23.62  0.9908
   299        42.13        35.56      -6.56    23.63  0.9908
   300        86.41        72.15     -14.26    23.59  0.9908
   301        96.14        80.20     -15.95    23.59  0.9908
   302        98.04        81.81     -16.23    23.59  0.9908
   303        96.35        80.38     -15.96    23.60  0.9908
   304        95.79        79.94     -15.86    23.59  0.9908
   305        97.72        81.57     -16.15    23.60  0.9908
   306        96.26        44.74     -51.52    17.43  0.7770
   307        58.78        23.96     -34.83    15.50  0.6185
   308        56.92        11.77     -45.15    13.55  0.3787
   309        55.71        47.04      -8.67    17.91  0.7877
   310        53.84        11.39     -42.45    13.98  0.3690
   311        52.24        27.40     -24.84    17.13  0.7148
   312        54.70        31.07     -23.62    17.25  0.7085
   313        57.32        39.05     -18.27    17.78  0.7477
   314        56.66        30.18     -26.48    18.11  0.7686
   316        62.78        38.53     -24.25    18.57  0.8077
   317        65.88        57.70      -8.18    18.56  0.8155
   329       108.73        94.27     -14.47    17.79  0.8240
   334        87.60        81.14      -6.46    16.44  0.7118
   337        84.89        43.59     -41.30    16.04  0.6816
   340        85.46        66.13     -19.33    16.99  0.7562
   342        81.25        64.64     -16.60    17.16  0.7655
   343        81.54        73.84      -7.70    17.70  0.8007
   344        78.46        69.33      -9.13    17.78  0.8040
   345        79.41        68.59     -10.81    17.64  0.7865
   346        75.98        34.28     -41.70    17.59  0.7781
   347        83.19        70.56     -12.63    18.09  0.8123
   348        84.25        59.65     -24.60    17.51  0.7689
   349       118.19        63.93     -54.25    17.84  0.7947
   350       118.84        71.91     -46.94    17.29  0.7534
   352       100.44        98.43      -2.01    17.71  0.7868
   353       112.58        82.29     -30.29    17.58  0.7767
   356       107.47       102.03      -5.44    17.67  0.7863
   363       400.62       332.44     -68.17    22.34  0.9908
   364       401.20       332.88     -68.32    22.34  0.9908
   365       402.23       333.71     -68.51    22.33  0.9908
